version 3
run General-0-20240515-17:49:12-13383
attr configname General
attr datetime 20240515-17:49:12
attr datetimef 20240515-174912
attr experiment General
attr inifile omnetpp.ini
attr iterationvars ""
attr iterationvarsd ""
attr iterationvarsf ""
attr measurement ""
attr network Network
attr processid 13383
attr repetition 0
attr replication #0
attr resultdir results
attr runnumber 0
attr seedset 0
config network Network
config sim-time-limit 200s
config Network.node[0].app.interArrivalTime exponential(1)
config Network.node[0].app.packetByteSize 125000
config Network.node[0].app.destination 5
config Network.node[2].app.interArrivalTime exponential(1)
config Network.node[2].app.packetByteSize 125000
config Network.node[2].app.destination 5

vector 0 Network.node[0].lnk[0] "Buffer Size" ETV
vector 1 Network.node[2].lnk[0] "Buffer Size" ETV
vector 2 Network.node[7].lnk[0] "Buffer Size" ETV
vector 3 Network.node[1].lnk[0] "Buffer Size" ETV
vector 4 Network.node[6].lnk[0] "Buffer Size" ETV
vector 5 Network.node[5].app Delay ETV
0	3	0.898560388484	1
0	4	0.898560388484	0
0	7	1.821783519955	1
0	12	1.898560388484	0
0	37	3.773328855839	1
0	38	3.773328855839	0
0	47	3.859804212075	1
0	59	4.324377342509	2
0	64	4.773328855839	1
0	72	4.859804212075	2
0	79	5.301383768902	3
0	89	5.773328855839	2
0	101	5.786511932624	3
0	107	6.139671071762	4
0	110	6.198055740855	5
0	114	6.52596940626	6
0	120	6.773328855839	5
0	142	7.564128706924	6
0	143	7.773328855839	5
0	164	8.564128706924	6
0	168	8.773328855839	5
0	192	9.512968020783	6
0	193	9.773328855839	5
0	218	10.363172325843	6
0	219	10.773328855839	5
0	235	11.081864138406	6
0	244	11.363172325843	7
0	248	11.773328855839	6
0	264	11.834538251719	7
0	276	12.363172325843	8
0	282	12.673971104619	9
0	283	12.773328855839	8
0	305	13.363172325843	9
0	306	13.773328855839	8
0	328	14.363172325843	9
0	331	14.482340368894	10
0	334	14.556025724359	11
0	335	14.773328855839	10
0	351	14.967603720602	11
0	354	15.058764746726	12
0	369	15.363172325843	13
0	373	15.773328855839	12
0	389	16.103377255034	13
0	398	16.363172325843	14
0	399	16.773328855839	13
0	421	17.363172325843	14
0	425	17.773328855839	13
0	447	18.363172325843	14
0	448	18.773328855839	13
0	470	19.25354718371	14
0	479	19.363172325843	15
0	480	19.773328855839	14
0	502	20.363172325843	15
0	503	20.773328855839	14
0	522	21.294439399622	15
0	531	21.363172325843	16
0	532	21.773328855839	15
0	548	21.9361485723	16
0	557	22.363172325843	17
0	558	22.773328855839	16
0	575	23.363172325843	17
0	578	23.541388129362	18
0	579	23.773328855839	17
0	593	24.773328855839	16
0	613	25.155390204255	17
0	617	25.773328855839	16
0	633	25.890354625445	17
0	639	26.773328855839	16
0	655	27.026293567155	17
0	664	27.047509410774	18
0	667	27.152167976593	19
0	672	27.773328855839	18
0	689	28.047509410774	19
0	701	28.427395678817	20
0	704	28.582125359317	21
0	705	28.773328855839	20
0	725	29.182974844391	21
0	733	29.352960017784	22
0	734	29.773328855839	21
0	756	30.20440671874	22
0	757	30.773328855839	21
0	773	30.774324697878	22
0	777	31.20440671874	23
0	780	31.512151989634	24
0	783	31.624098150267	25
0	784	31.773328855839	24
0	804	32.159663870495	25
0	807	32.466944222648	26
0	813	32.673147504678	27
0	814	32.773328855839	26
0	833	33.773328855839	25
0	855	33.971148391769	26
0	858	34.008437689302	27
0	868	34.617520112485	28
0	871	34.762798139777	29
0	872	34.773328855839	28
0	888	34.781766708978	29
0	892	34.971148391769	30
0	900	35.173537519655	31
0	907	35.773328855839	30
0	929	36.101097919552	31
0	932	36.134918458721	32
0	938	36.386360390796	33
0	939	36.773328855839	32
0	955	36.874917440104	33
0	964	37.101097919552	34
0	968	37.773328855839	33
0	990	38.101097919552	34
0	991	38.773328855839	33
0	1013	39.101097919552	34
0	1019	39.752832461382	35
0	1020	39.773328855839	34
0	1042	40.101097919552	35
0	1045	40.3505785382	36
0	1049	40.773328855839	35
0	1065	40.796097033251	36
0	1074	41.101097919552	37
0	1077	41.370629439992	38
0	1081	41.773328855839	37
0	1103	42.101097919552	38
0	1104	42.773328855839	37
0	1135	43.101097919552	38
0	1138	43.696980501686	39
0	1139	43.773328855839	38
0	1161	44.101097919552	39
0	1162	44.773328855839	38
0	1178	44.795892969237	39
0	1187	45.101097919552	40
0	1188	45.773328855839	39
0	1204	45.854727100725	40
0	1213	46.101097919552	41
0	1221	46.773328855839	40
0	1240	46.965324546412	41
0	1244	47.101097919552	42
0	1247	47.10335323484	43
0	1256	47.773328855839	42
0	1275	48.492395924631	43
0	1284	48.540707172454	44
0	1288	48.773328855839	43
0	1304	48.944497984856	44
0	1319	49.540707172454	45
0	1323	49.773328855839	44
0	1339	49.788925778384	45
0	1348	50.540707172454	46
0	1352	50.773328855839	45
0	1374	51.540707172454	46
0	1375	51.773328855839	45
0	1397	52.540707172454	46
0	1398	52.773328855839	45
0	1420	53.540707172454	46
0	1421	53.773328855839	45
0	1443	54.24342262456	46
0	1446	54.477724143336	47
0	1455	54.540707172454	48
0	1456	54.773328855839	47
0	1478	55.485743388756	48
0	1487	55.540707172454	49
0	1488	55.773328855839	48
0	1510	56.540707172454	49
0	1513	56.54448610385	50
0	1514	56.773328855839	49
0	1530	57.416401957476	50
0	1539	57.540707172454	51
0	1542	57.708482490743	52
0	1543	57.773328855839	51
0	1559	58.243547167826	52
0	1568	58.540707172454	53
0	1569	58.773328855839	52
0	1585	58.871488748817	53
0	1588	59.51526975042	54
0	1597	59.540707172454	55
0	1598	59.773328855839	54
0	1614	59.795546758899	55
0	1623	60.540707172454	56
0	1630	60.77241083297	57
0	1631	60.773328855839	56
0	1653	61.184912062892	57
0	1657	61.540707172454	58
0	1663	61.773328855839	57
0	1682	62.252984260042	58
0	1685	62.401696529294	59
0	1697	62.632680586152	60
0	1701	62.773328855839	59
0	1723	63.632680586152	60
0	1724	63.773328855839	59
0	1740	63.908331862567	60
0	1743	64.368345820307	61
0	1752	64.632680586152	62
0	1753	64.773328855839	61
0	1769	65.454615201185	62
0	1778	65.632680586152	63
0	1788	65.773328855839	62
0	1810	66.632680586152	63
0	1814	66.773328855839	62
0	1830	67.174946858902	63
0	1839	67.632680586152	64
0	1840	67.773328855839	63
0	1856	68.294761224656	64
0	1859	68.395795999965	65
0	1871	68.632680586152	66
0	1872	68.773328855839	65
0	1894	69.632680586152	66
0	1895	69.773328855839	65
0	1917	70.632680586152	66
0	1918	70.773328855839	65
0	1940	71.632680586152	66
0	1941	71.773328855839	65
0	1957	71.969384372309	66
0	1965	72.632680586152	67
0	1966	72.773328855839	66
0	1991	73.773328855839	65
0	2007	74.074705673101	66
0	2010	74.132032599525	67
0	2019	74.293319858336	68
0	2020	74.773328855839	67
0	2036	75.060511096426	68
0	2045	75.293319858336	69
0	2048	75.660457983067	70
0	2049	75.773328855839	69
0	2066	76.293319858336	70
0	2067	76.773328855839	69
0	2083	77.004703255219	70
0	2086	77.024893383365	71
0	2089	77.064869682423	72
0	2096	77.64774807129	73
0	2100	77.773328855839	72
0	2128	78.773328855839	71
0	2153	79.400167332569	72
0	2157	79.773328855839	71
0	2179	80.400167332569	72
0	2183	80.773328855839	71
0	2208	81.400167332569	72
0	2211	81.539318194135	73
0	2212	81.773328855839	72
0	2228	82.074202569892	73
0	2237	82.400167332569	74
0	2238	82.773328855839	73
0	2266	83.400167332569	74
0	2270	83.773328855839	73
0	2292	84.400167332569	74
0	2295	84.578114352977	75
0	2299	84.773328855839	74
0	2321	85.400167332569	75
0	2324	85.410957869043	76
0	2331	85.773328855839	75
0	2353	86.400167332569	76
0	2357	86.773328855839	75
0	2382	87.400167332569	76
0	2385	87.41419839155	77
0	2388	87.512848699968	78
0	2389	87.773328855839	77
0	2411	88.400167332569	78
0	2412	88.773328855839	77
0	2434	89.400167332569	78
0	2438	89.773328855839	77
0	2454	90.053153207927	78
0	2457	90.139923690267	79
0	2466	90.400167332569	80
0	2470	90.773328855839	79
0	2501	91.400167332569	80
0	2502	91.773328855839	79
0	2527	92.400167332569	80
0	2528	92.773328855839	79
0	2544	92.789179618943	80
0	2547	92.930510332504	81
0	2556	93.400167332569	82
0	2557	93.773328855839	81
0	2573	93.972290986683	82
0	2585	94.400167332569	83
0	2586	94.773328855839	82
0	2602	95.232224796792	83
0	2611	95.400167332569	84
0	2614	95.573878963818	85
0	2615	95.773328855839	84
0	2631	95.88139668758	85
0	2637	96.083747126147	86
0	2646	96.400167332569	87
0	2650	96.773328855839	86
0	2666	96.966876168106	87
0	2669	96.987188626902	88
0	2672	97.167440878887	89
0	2684	97.400167332569	90
0	2685	97.773328855839	89
0	2716	98.400167332569	90
0	2717	98.773328855839	89
0	2733	98.9331819513	90
0	2745	99.400167332569	91
0	2749	99.773328855839	90
0	2765	99.776264983448	91
0	2774	100.400167332569	92
0	2778	100.773328855839	91
0	2797	101.105022857198	92
0	2806	101.400167332569	93
0	2809	101.672927010678	94
0	2810	101.773328855839	93
0	2826	101.958947983186	94
0	2835	102.400167332569	95
0	2836	102.773328855839	94
0	2852	103.36997239248	95
0	2861	103.400167332569	96
0	2862	103.773328855839	95
0	2878	104.228365360309	96
0	2890	104.400167332569	97
0	2893	104.732709166897	98
0	2894	104.773328855839	97
0	2919	105.400167332569	98
0	2920	105.773328855839	97
0	2945	106.400167332569	98
0	2946	106.773328855839	97
0	2962	106.996442742758	98
0	2968	107.248862735649	99
0	2977	107.400167332569	100
0	2978	107.773328855839	99
0	3000	108.400167332569	100
0	3001	108.773328855839	99
0	3026	109.400167332569	100
0	3027	109.773328855839	99
0	3043	110.301144392533	100
0	3055	110.400167332569	101
0	3056	110.773328855839	100
0	3072	110.893768419985	101
0	3084	111.400167332569	102
0	3085	111.773328855839	101
0	3107	112.400167332569	102
0	3110	112.767228299842	103
0	3111	112.773328855839	102
0	3133	113.400167332569	103
0	3134	113.773328855839	102
0	3150	113.969466867089	103
0	3153	114.092993514451	104
0	3162	114.400167332569	105
0	3165	114.446013647725	106
0	3166	114.773328855839	105
0	3191	115.400167332569	106
0	3192	115.773328855839	105
0	3208	115.902832206289	106
0	3217	116.400167332569	107
0	3220	116.433554702906	108
0	3224	116.773328855839	107
0	3240	116.938573450661	108
0	3249	117.400167332569	109
0	3253	117.773328855839	108
0	3278	118.400167332569	109
0	3279	118.773328855839	108
0	3298	119.068072846729	109
0	3310	119.400167332569	110
0	3311	119.773328855839	109
0	3333	120.400167332569	110
0	3334	120.773328855839	109
0	3350	121.202903296712	110
0	3359	121.400167332569	111
0	3360	121.773328855839	110
0	3376	122.382286230357	111
0	3385	122.400167332569	112
0	3389	122.773328855839	111
0	3405	123.270147640794	112
0	3414	123.400167332569	113
0	3415	123.773328855839	112
0	3434	124.34798252493	113
0	3443	124.400167332569	114
0	3447	124.773328855839	113
0	3463	125.109850296226	114
0	3466	125.371907537901	115
0	3475	125.400167332569	116
0	3476	125.773328855839	115
0	3498	126.400167332569	116
0	3501	126.404704548546	117
0	3502	126.773328855839	116
0	3518	126.907015346807	117
0	3527	127.400167332569	118
0	3530	127.458411336941	119
0	3535	127.773328855839	118
0	3552	128.400167332569	119
0	3555	128.422864902435	120
0	3567	128.773328855839	119
0	3583	129.066969610758	120
0	3589	129.425896826628	121
0	3598	129.649252527223	122
0	3599	129.773328855839	121
0	3618	130.505217025284	122
0	3627	130.649252527223	123
0	3628	130.773328855839	122
0	3647	130.847816649982	123
0	3659	131.649252527223	124
0	3660	131.773328855839	123
0	3676	131.810191705753	124
0	3679	132.370152775827	125
0	3688	132.649252527223	126
0	3692	132.773328855839	125
0	3726	133.649252527223	126
0	3727	133.773328855839	125
0	3746	134.477600380777	126
0	3755	134.649252527223	127
0	3759	134.773328855839	126
0	3775	135.371329459083	127
0	3790	135.649252527223	128
0	3791	135.773328855839	127
0	3807	136.225409194726	128
0	3819	136.649252527223	129
0	3820	136.773328855839	128
0	3845	137.649252527223	129
0	3846	137.773328855839	128
0	3874	138.649252527223	129
0	3875	138.773328855839	128
0	3900	139.649252527223	129
0	3903	139.697944674008	130
0	3904	139.773328855839	129
0	3920	139.850238299262	130
0	3923	140.30841118322	131
0	3926	140.410731798073	132
0	3935	140.649252527223	133
0	3936	140.773328855839	132
0	3952	140.983193349501	133
0	3964	141.649252527223	134
0	3965	141.773328855839	133
0	3987	142.649252527223	134
0	3988	142.773328855839	133
0	4016	143.649252527223	134
0	4017	143.773328855839	133
0	4039	144.649252527223	134
0	4040	144.773328855839	133
0	4056	145.121003110011	134
0	4068	145.649252527223	135
0	4069	145.773328855839	134
0	4085	145.891079969557	135
0	4088	146.485153467881	136
0	4094	146.59076611151	137
0	4106	146.649252527223	138
0	4107	146.773328855839	137
0	4132	147.649252527223	138
0	4133	147.773328855839	137
0	4158	148.649252527223	138
0	4159	148.773328855839	137
0	4178	149.110048241593	138
0	4187	149.649252527223	139
0	4188	149.773328855839	138
0	4210	150.649252527223	139
0	4211	150.773328855839	138
0	4227	150.94978102667	139
0	4230	151.111651113382	140
0	4239	151.649252527223	141
0	4240	151.773328855839	140
0	4262	152.649252527223	141
0	4263	152.773328855839	140
0	4279	153.461828403133	141
0	4288	153.649252527223	142
0	4289	153.773328855839	141
0	4311	154.649252527223	142
0	4312	154.773328855839	141
0	4328	155.487737220236	142
0	4331	155.526020133121	143
0	4340	155.649252527223	144
0	4346	155.703345708266	145
0	4347	155.773328855839	144
0	4375	156.649252527223	145
0	4378	156.659312132188	146
0	4382	156.773328855839	145
0	4404	157.649252527223	146
0	4405	157.773328855839	145
0	4421	158.169135587797	146
0	4433	158.649252527223	147
0	4434	158.773328855839	146
0	4456	159.649252527223	147
0	4457	159.773328855839	146
0	4473	160.171122083323	147
0	4485	160.649252527223	148
0	4488	160.70112496146	149
0	4489	160.773328855839	148
0	4505	160.851915971654	149
0	4517	161.374786001742	150
0	4526	161.649252527223	151
0	4527	161.773328855839	150
0	4543	162.570224568024	151
0	4552	162.649252527223	152
0	4553	162.773328855839	151
0	4569	163.037497134434	152
0	4572	163.641796206282	153
0	4581	163.649252527223	154
0	4582	163.773328855839	153
0	4598	164.186653334427	154
0	4607	164.649252527223	155
0	4608	164.773328855839	154
0	4630	165.466987538239	155
0	4639	165.649252527223	156
0	4640	165.773328855839	155
0	4656	165.921899383031	156
0	4665	166.649252527223	157
0	4666	166.773328855839	156
0	4694	167.649252527223	157
0	4695	167.773328855839	156
0	4717	168.649252527223	157
0	4718	168.773328855839	156
0	4743	169.631859974935	157
0	4752	169.649252527223	158
0	4753	169.773328855839	157
0	4769	170.078112795454	158
0	4778	170.649252527223	159
0	4779	170.773328855839	158
0	4804	171.649252527223	159
0	4805	171.773328855839	158
0	4830	172.649252527223	159
0	4831	172.773328855839	158
0	4847	172.962724547556	159
0	4850	173.151019522775	160
0	4853	173.565632065434	161
0	4862	173.649252527223	162
0	4866	173.773328855839	161
0	4882	174.301763165421	162
0	4888	174.35763321831	163
0	4891	174.580772426411	164
0	4900	174.649252527223	165
0	4904	174.773328855839	164
0	4923	174.77860193387	165
0	4938	175.649252527223	166
0	4939	175.773328855839	165
0	4958	176.357014655976	166
0	4967	176.649252527223	167
0	4968	176.773328855839	166
0	4984	176.780671757333	167
0	4993	177.649252527223	168
0	4994	177.773328855839	167
0	5019	178.649252527223	168
0	5020	178.773328855839	167
0	5042	179.649252527223	168
0	5045	179.66521604574	169
0	5046	179.773328855839	168
0	5065	180.602354763463	169
0	5074	180.649252527223	170
0	5075	180.773328855839	169
0	5091	181.510318790788	170
0	5094	181.542675595433	171
0	5103	181.649252527223	172
0	5107	181.773328855839	171
0	5135	182.649252527223	172
0	5136	182.773328855839	171
0	5152	183.0735068217	172
0	5155	183.125189727495	173
0	5167	183.649252527223	174
0	5168	183.773328855839	173
0	5184	183.986113364176	174
0	5187	184.257781434518	175
0	5196	184.649252527223	176
0	5197	184.773328855839	175
0	5222	185.649252527223	176
0	5223	185.773328855839	175
0	5245	186.649252527223	176
0	5246	186.773328855839	175
0	5271	187.649252527223	176
0	5272	187.773328855839	175
0	5297	188.649252527223	176
0	5298	188.773328855839	175
0	5317	189.136914322512	176
0	5326	189.649252527223	177
0	5327	189.773328855839	176
0	5343	189.903993977084	177
0	5355	190.649252527223	178
0	5356	190.773328855839	177
0	5381	191.649252527223	178
0	5382	191.773328855839	177
0	5398	191.901165944574	178
0	5410	192.649252527223	179
0	5411	192.773328855839	178
0	5427	193.210951315936	179
0	5430	193.584837811839	180
0	5439	193.649252527223	181
0	5440	193.773328855839	180
0	5456	194.392817865238	181
0	5465	194.649252527223	182
0	5466	194.773328855839	181
0	5482	194.900682987925	182
0	5485	195.139435860773	183
0	5488	195.374960434192	184
0	5494	195.626559047305	185
0	5503	195.649252527223	186
0	5507	195.773328855839	185
0	5523	195.873418316104	186
0	5532	196.649252527223	187
0	5535	196.716397091518	188
0	5536	196.773328855839	187
0	5558	197.649252527223	188
0	5559	197.773328855839	187
0	5575	198.061744524752	188
0	5583	198.649252527223	189
0	5586	198.663423511276	190
0	5587	198.773328855839	189
0	5612	199.773328855839	188
1	10	1.859604212075	1
1	11	1.859604212075	0
1	19	2.646805352057	1
1	20	2.859604212075	0
1	62	4.52576940626	1
1	63	4.52576940626	0
1	87	5.563928706924	1
1	88	5.563928706924	0
1	104	6.139447903807	1
1	115	6.563928706924	0
1	159	8.362972325843	1
1	160	8.362972325843	0
1	167	8.681328466685	1
1	184	9.164930571633	2
1	185	9.362972325843	1
1	209	9.814376919884	2
1	210	10.362972325843	1
1	236	11.362972325843	0
1	247	11.486588120209	1
1	267	12.14047068743	2
1	268	12.362972325843	1
1	279	12.639342696446	2
1	297	13.362972325843	1
1	320	14.362972325843	0
1	357	15.237596782295	1
1	360	15.258022370694	2
1	361	15.362972325843	1
1	372	15.717270507949	2
1	390	16.362972325843	1
1	413	17.362972325843	0
1	424	17.504758171388	1
1	439	18.362972325843	0
1	464	19.010542430025	1
1	467	19.16177328369	2
1	471	19.362972325843	1
1	494	20.362972325843	0
1	519	21.202087541632	1
1	523	21.362972325843	0
1	609	25.047309410774	1
1	610	25.047309410774	0
1	616	25.666238870401	1
1	634	26.047309410774	0
1	670	27.182774844391	1
1	671	27.182774844391	0
1	697	28.20420671874	1
1	698	28.20420671874	0
1	721	29.076527913782	1
1	726	29.20420671874	0
1	800	31.970948391769	1
1	801	31.970948391769	0
1	810	32.6126430938	1
1	828	32.970948391769	0
1	861	34.100897919552	1
1	862	34.100897919552	0
1	865	34.344946410289	1
1	893	35.100897919552	0
1	903	35.185281115901	1
1	906	35.347417605347	2
1	921	36.100897919552	1
1	935	36.294414282522	2
1	956	37.100897919552	1
1	967	37.25396225989	2
1	982	38.100897919552	1
1	1005	39.100897919552	0
1	1016	39.582875634104	1
1	1034	40.100897919552	0
1	1048	40.728014588804	1
1	1066	41.100897919552	0
1	1080	41.677509172301	1
1	1095	42.100897919552	0
1	1120	42.873616971758	1
1	1123	42.978178197533	2
1	1126	43.040293487999	3
1	1127	43.100897919552	2
1	1153	44.100897919552	1
1	1179	45.100897919552	0
1	1216	46.540507172454	1
1	1217	46.540507172454	0
1	1220	46.727933238472	1
1	1237	46.964139944555	2
1	1250	47.407543973176	3
1	1251	47.540507172454	2
1	1272	47.786505937459	3
1	1276	48.540507172454	2
1	1287	48.72256749723	3
1	1307	49.115680054534	4
1	1310	49.154863210947	5
1	1311	49.540507172454	4
1	1322	49.732187521754	5
1	1340	50.540507172454	4
1	1351	50.738058526921	5
1	1366	51.540507172454	4
1	1389	52.540507172454	3
1	1412	53.540507172454	2
1	1437	53.931005168975	3
1	1440	54.038640277131	4
1	1447	54.540507172454	3
1	1472	55.096466690483	4
1	1475	55.272380235909	5
1	1479	55.540507172454	4
1	1502	56.540507172454	3
1	1531	57.540507172454	2
1	1560	58.540507172454	1
1	1589	59.540507172454	0
1	1626	60.632480586152	1
1	1627	60.632480586152	0
1	1647	60.805608042298	1
1	1650	60.92256345209	2
1	1658	61.632480586152	1
1	1679	62.045731753623	2
1	1688	62.427287596997	3
1	1689	62.632480586152	2
1	1700	62.646168193504	3
1	1715	63.632480586152	2
1	1744	64.632480586152	1
1	1770	65.632480586152	0
1	1781	65.633358085356	1
1	1784	65.647022663787	2
1	1787	65.749167545312	3
1	1802	66.632480586152	2
1	1813	66.724269479468	3
1	1831	67.632480586152	2
1	1862	68.544088398752	3
1	1863	68.632480586152	2
1	1886	69.632480586152	1
1	1909	70.632480586152	0
1	1960	72.293119858336	1
1	1961	72.293119858336	0
1	1982	72.925456454732	1
1	1983	73.293119858336	0
1	1990	73.638040048065	1
1	2011	74.293119858336	0
1	2092	77.399967332569	1
1	2093	77.399967332569	0
1	2099	77.732377573533	1
1	2116	77.860434338844	2
1	2119	78.305853800764	3
1	2120	78.399967332569	2
1	2127	78.657029890145	3
1	2144	79.312676174509	4
1	2145	79.399967332569	3
1	2156	79.439064810934	4
1	2171	80.399967332569	3
1	2182	80.605938337483	4
1	2199	80.988639286345	5
1	2200	81.399967332569	4
1	2229	82.399967332569	3
1	2254	83.112876483347	4
1	2257	83.179173884829	5
1	2258	83.399967332569	4
1	2269	83.423569332911	5
1	2284	84.399967332569	4
1	2298	84.602758859976	5
1	2313	85.399967332569	4
1	2327	85.438856391946	5
1	2330	85.747271232044	6
1	2345	86.399967332569	5
1	2356	86.458519169261	6
1	2373	87.199278119708	7
1	2374	87.399967332569	6
1	2403	88.399967332569	5
1	2426	89.399967332569	4
1	2437	89.684860476685	5
1	2458	90.399967332569	4
1	2469	90.542756117759	5
1	2486	90.868096533288	6
1	2489	91.251656747387	7
1	2492	91.261057498051	8
1	2493	91.399967332569	7
1	2518	92.361903408142	8
1	2519	92.399967332569	7
1	2548	93.399967332569	6
1	2576	94.209231059144	7
1	2577	94.399967332569	6
1	2603	95.399967332569	5
1	2634	96.050513530631	6
1	2638	96.399967332569	5
1	2649	96.557713653888	6
1	2675	97.362511053689	7
1	2676	97.399967332569	6
1	2701	97.824241949733	7
1	2704	97.828948490225	8
1	2707	97.987289996456	9
1	2708	98.399967332569	8
1	2736	99.119924138428	9
1	2737	99.399967332569	8
1	2748	99.434645799283	9
1	2766	100.399967332569	8
1	2777	100.65115445272	9
1	2794	100.991501190955	10
1	2798	101.399967332569	9
1	2827	102.399967332569	8
1	2853	103.399967332569	7
1	2881	104.26664436867	8
1	2882	104.399967332569	7
1	2910	105.163235239456	8
1	2911	105.399967332569	7
1	2936	106.01245605102	8
1	2937	106.399967332569	7
1	2965	107.031114781039	8
1	2969	107.399967332569	7
1	2992	108.399967332569	6
1	3017	109.252621679513	7
1	3018	109.399967332569	6
1	3046	110.392229643046	7
1	3047	110.399967332569	6
1	3075	110.988609037376	7
1	3076	111.399967332569	6
1	3099	112.399967332569	5
1	3125	113.399967332569	4
1	3154	114.399967332569	3
1	3182	114.83161562062	4
1	3183	115.399967332569	3
1	3209	116.399967332569	2
1	3223	116.512537825166	3
1	3241	117.399967332569	2
1	3252	117.63781984201	3
1	3269	117.92523031808	4
1	3270	118.399967332569	3
1	3295	118.795766144406	4
1	3301	119.171504986813	5
1	3302	119.399967332569	4
1	3325	120.399967332569	3
1	3351	121.399967332569	2
1	3377	122.399967332569	1
1	3388	122.535875439864	2
1	3406	123.399967332569	1
1	3431	123.827784708665	2
1	3435	124.399967332569	1
1	3446	124.523584169565	2
1	3467	125.399967332569	1
1	3490	126.399967332569	0
1	3533	127.649052527223	1
1	3534	127.649052527223	0
1	3558	128.58145540763	1
1	3561	128.600835188978	2
1	3562	128.649052527223	1
1	3586	129.235962904609	2
1	3590	129.649052527223	1
1	3615	130.495006421873	2
1	3619	130.649052527223	1
1	3644	130.834671154455	2
1	3650	131.318306841044	3
1	3651	131.649052527223	2
1	3680	132.649052527223	1
1	3691	132.701286047581	2
1	3708	132.846860026029	3
1	3711	132.955407124524	4
1	3714	133.309631256769	5
1	3717	133.406554011346	6
1	3718	133.649052527223	5
1	3743	134.250442483937	6
1	3747	134.649052527223	5
1	3758	134.687470497711	6
1	3778	135.49002248347	7
1	3781	135.524225901828	8
1	3782	135.649052527223	7
1	3810	136.583235287209	8
1	3811	136.649052527223	7
1	3836	137.639084895869	8
1	3837	137.649052527223	7
1	3862	138.026214988018	8
1	3865	138.590825489139	9
1	3866	138.649052527223	8
1	3891	138.840906984117	9
1	3892	139.649052527223	8
1	3927	140.649052527223	7
1	3955	141.109540976809	8
1	3956	141.649052527223	7
1	3979	142.649052527223	6
1	4004	143.334455634034	7
1	4007	143.636021547257	8
1	4008	143.649052527223	7
1	4031	144.649052527223	6
1	4059	145.276919125184	7
1	4060	145.649052527223	6
1	4091	146.493938620521	7
1	4097	146.598820456121	8
1	4098	146.649052527223	7
1	4123	147.033166112065	8
1	4124	147.649052527223	7
1	4149	148.285773636977	8
1	4150	148.649052527223	7
1	4175	148.9192362547	8
1	4179	149.649052527223	7
1	4202	150.649052527223	6
1	4231	151.649052527223	5
1	4254	152.649052527223	4
1	4280	153.649052527223	3
1	4303	154.649052527223	2
1	4332	155.649052527223	1
1	4343	155.684626774637	2
1	4363	156.394544701861	3
1	4366	156.577083303744	4
1	4367	156.649052527223	3
1	4381	156.709267013359	4
1	4396	157.649052527223	3
1	4424	158.593195899945	4
1	4425	158.649052527223	3
1	4448	159.649052527223	2
1	4476	160.239915001272	3
1	4477	160.649052527223	2
1	4508	161.081795963004	3
1	4511	161.115582748556	4
1	4514	161.187258132869	5
1	4518	161.649052527223	4
1	4544	162.649052527223	3
1	4573	163.649052527223	2
1	4599	164.649052527223	1
1	4624	165.237104971674	2
1	4627	165.289017523857	3
1	4631	165.649052527223	2
1	4657	166.649052527223	1
1	4682	167.301790260063	2
1	4685	167.318558026055	3
1	4686	167.649052527223	2
1	4709	168.649052527223	1
1	4734	169.255135263546	2
1	4737	169.517464572712	3
1	4740	169.52924780463	4
1	4744	169.649052527223	3
1	4770	170.649052527223	2
1	4795	170.977041886618	3
1	4796	171.649052527223	2
1	4821	172.286340250641	3
1	4822	172.649052527223	2
1	4854	173.649052527223	1
1	4865	173.672631602662	2
1	4885	174.345092119496	3
1	4892	174.649052527223	2
1	4903	174.759071042169	3
1	4920	174.77776651259	4
1	4926	174.965285463793	5
1	4929	175.587882807771	6
1	4930	175.649052527223	5
1	4955	175.841388512914	6
1	4959	176.649052527223	5
1	4985	177.649052527223	4
1	5010	177.917419573357	5
1	5011	178.649052527223	4
1	5034	179.649052527223	3
1	5062	180.549638435906	4
1	5066	180.649052527223	3
1	5095	181.649052527223	2
1	5106	181.768435239249	3
1	5123	181.948392580801	4
1	5126	182.641592350339	5
1	5127	182.649052527223	4
1	5158	183.613074508434	5
1	5159	183.649052527223	4
1	5188	184.649052527223	3
1	5213	184.814045414976	4
1	5214	185.649052527223	3
1	5237	186.649052527223	2
1	5262	187.535393670889	3
1	5263	187.649052527223	2
1	5288	187.846361475859	3
1	5289	188.649052527223	2
1	5314	188.798191183401	3
1	5318	189.649052527223	2
1	5346	189.934787678658	3
1	5347	190.649052527223	2
1	5372	190.826166255568	3
1	5373	191.649052527223	2
1	5401	192.215843319344	3
1	5402	192.649052527223	2
1	5431	193.649052527223	1
1	5457	194.649052527223	0
1	5491	195.553777653198	1
1	5495	195.649052527223	0
1	5506	195.759809701681	1
1	5524	196.649052527223	0
1	5578	198.64888529358	1
1	5579	198.64888529358	0
1	5603	199.323129863216	1
1	5606	199.581142627156	2
1	5607	199.64888529358	1
2	15	1.898660388484	1
2	16	1.898660388484	0
2	29	2.898660388484	1
2	30	2.898660388484	0
2	67	4.773428855839	1
2	68	4.773428855839	0
2	93	5.773428855839	1
2	94	5.773428855839	0
2	124	6.773428855839	1
2	125	6.773428855839	0
2	147	7.773428855839	1
2	148	7.773428855839	0
2	172	8.773428855839	1
2	173	8.773428855839	0
2	197	9.773428855839	1
2	198	9.773428855839	0
2	223	10.773428855839	1
2	224	10.773428855839	0
2	252	11.773428855839	1
2	253	11.773428855839	0
2	287	12.773428855839	1
2	288	12.773428855839	0
2	310	13.773428855839	1
2	311	13.773428855839	0
2	339	14.773428855839	1
2	340	14.773428855839	0
2	377	15.773428855839	1
2	378	15.773428855839	0
2	403	16.773428855839	1
2	404	16.773428855839	0
2	429	17.773428855839	1
2	430	17.773428855839	0
2	452	18.773428855839	1
2	453	18.773428855839	0
2	484	19.773428855839	1
2	485	19.773428855839	0
2	507	20.773428855839	1
2	508	20.773428855839	0
2	536	21.773428855839	1
2	537	21.773428855839	0
2	562	22.773428855839	1
2	563	22.773428855839	0
2	583	23.773428855839	1
2	584	23.773428855839	0
2	597	24.773428855839	1
2	598	24.773428855839	0
2	621	25.773428855839	1
2	622	25.773428855839	0
2	643	26.773428855839	1
2	644	26.773428855839	0
2	676	27.773428855839	1
2	677	27.773428855839	0
2	709	28.773428855839	1
2	710	28.773428855839	0
2	738	29.773428855839	1
2	739	29.773428855839	0
2	761	30.773428855839	1
2	762	30.773428855839	0
2	788	31.773428855839	1
2	789	31.773428855839	0
2	818	32.773428855839	1
2	819	32.773428855839	0
2	837	33.773428855839	1
2	838	33.773428855839	0
2	876	34.773428855839	1
2	877	34.773428855839	0
2	911	35.773428855839	1
2	912	35.773428855839	0
2	943	36.773428855839	1
2	944	36.773428855839	0
2	972	37.773428855839	1
2	973	37.773428855839	0
2	995	38.773428855839	1
2	996	38.773428855839	0
2	1024	39.773428855839	1
2	1025	39.773428855839	0
2	1053	40.773428855839	1
2	1054	40.773428855839	0
2	1085	41.773428855839	1
2	1086	41.773428855839	0
2	1108	42.773428855839	1
2	1109	42.773428855839	0
2	1143	43.773428855839	1
2	1144	43.773428855839	0
2	1166	44.773428855839	1
2	1167	44.773428855839	0
2	1192	45.773428855839	1
2	1193	45.773428855839	0
2	1225	46.773428855839	1
2	1226	46.773428855839	0
2	1260	47.773428855839	1
2	1261	47.773428855839	0
2	1292	48.773428855839	1
2	1293	48.773428855839	0
2	1327	49.773428855839	1
2	1328	49.773428855839	0
2	1356	50.773428855839	1
2	1357	50.773428855839	0
2	1379	51.773428855839	1
2	1380	51.773428855839	0
2	1402	52.773428855839	1
2	1403	52.773428855839	0
2	1425	53.773428855839	1
2	1426	53.773428855839	0
2	1460	54.773428855839	1
2	1461	54.773428855839	0
2	1492	55.773428855839	1
2	1493	55.773428855839	0
2	1518	56.773428855839	1
2	1519	56.773428855839	0
2	1547	57.773428855839	1
2	1548	57.773428855839	0
2	1573	58.773428855839	1
2	1574	58.773428855839	0
2	1602	59.773428855839	1
2	1603	59.773428855839	0
2	1635	60.773428855839	1
2	1636	60.773428855839	0
2	1667	61.773428855839	1
2	1668	61.773428855839	0
2	1705	62.773428855839	1
2	1706	62.773428855839	0
2	1728	63.773428855839	1
2	1729	63.773428855839	0
2	1757	64.773428855839	1
2	1758	64.773428855839	0
2	1792	65.773428855839	1
2	1793	65.773428855839	0
2	1818	66.773428855839	1
2	1819	66.773428855839	0
2	1844	67.773428855839	1
2	1845	67.773428855839	0
2	1876	68.773428855839	1
2	1877	68.773428855839	0
2	1899	69.773428855839	1
2	1900	69.773428855839	0
2	1922	70.773428855839	1
2	1923	70.773428855839	0
2	1945	71.773428855839	1
2	1946	71.773428855839	0
2	1970	72.773428855839	1
2	1971	72.773428855839	0
2	1995	73.773428855839	1
2	1996	73.773428855839	0
2	2024	74.773428855839	1
2	2025	74.773428855839	0
2	2053	75.773428855839	1
2	2054	75.773428855839	0
2	2071	76.773428855839	1
2	2072	76.773428855839	0
2	2104	77.773428855839	1
2	2105	77.773428855839	0
2	2132	78.773428855839	1
2	2133	78.773428855839	0
2	2161	79.773428855839	1
2	2162	79.773428855839	0
2	2187	80.773428855839	1
2	2188	80.773428855839	0
2	2216	81.773428855839	1
2	2217	81.773428855839	0
2	2242	82.773428855839	1
2	2243	82.773428855839	0
2	2274	83.773428855839	1
2	2275	83.773428855839	0
2	2303	84.773428855839	1
2	2304	84.773428855839	0
2	2335	85.773428855839	1
2	2336	85.773428855839	0
2	2361	86.773428855839	1
2	2362	86.773428855839	0
2	2393	87.773428855839	1
2	2394	87.773428855839	0
2	2416	88.773428855839	1
2	2417	88.773428855839	0
2	2442	89.773428855839	1
2	2443	89.773428855839	0
2	2474	90.773428855839	1
2	2475	90.773428855839	0
2	2506	91.773428855839	1
2	2507	91.773428855839	0
2	2532	92.773428855839	1
2	2533	92.773428855839	0
2	2561	93.773428855839	1
2	2562	93.773428855839	0
2	2590	94.773428855839	1
2	2591	94.773428855839	0
2	2619	95.773428855839	1
2	2620	95.773428855839	0
2	2654	96.773428855839	1
2	2655	96.773428855839	0
2	2689	97.773428855839	1
2	2690	97.773428855839	0
2	2721	98.773428855839	1
2	2722	98.773428855839	0
2	2753	99.773428855839	1
2	2754	99.773428855839	0
2	2782	100.773428855839	1
2	2783	100.773428855839	0
2	2814	101.773428855839	1
2	2815	101.773428855839	0
2	2840	102.773428855839	1
2	2841	102.773428855839	0
2	2866	103.773428855839	1
2	2867	103.773428855839	0
2	2898	104.773428855839	1
2	2899	104.773428855839	0
2	2924	105.773428855839	1
2	2925	105.773428855839	0
2	2950	106.773428855839	1
2	2951	106.773428855839	0
2	2982	107.773428855839	1
2	2983	107.773428855839	0
2	3005	108.773428855839	1
2	3006	108.773428855839	0
2	3031	109.773428855839	1
2	3032	109.773428855839	0
2	3060	110.773428855839	1
2	3061	110.773428855839	0
2	3089	111.773428855839	1
2	3090	111.773428855839	0
2	3115	112.773428855839	1
2	3116	112.773428855839	0
2	3138	113.773428855839	1
2	3139	113.773428855839	0
2	3170	114.773428855839	1
2	3171	114.773428855839	0
2	3196	115.773428855839	1
2	3197	115.773428855839	0
2	3228	116.773428855839	1
2	3229	116.773428855839	0
2	3257	117.773428855839	1
2	3258	117.773428855839	0
2	3283	118.773428855839	1
2	3284	118.773428855839	0
2	3315	119.773428855839	1
2	3316	119.773428855839	0
2	3338	120.773428855839	1
2	3339	120.773428855839	0
2	3364	121.773428855839	1
2	3365	121.773428855839	0
2	3393	122.773428855839	1
2	3394	122.773428855839	0
2	3419	123.773428855839	1
2	3420	123.773428855839	0
2	3451	124.773428855839	1
2	3452	124.773428855839	0
2	3480	125.773428855839	1
2	3481	125.773428855839	0
2	3506	126.773428855839	1
2	3507	126.773428855839	0
2	3539	127.773428855839	1
2	3540	127.773428855839	0
2	3571	128.773428855839	1
2	3572	128.773428855839	0
2	3603	129.773428855839	1
2	3604	129.773428855839	0
2	3632	130.773428855839	1
2	3633	130.773428855839	0
2	3664	131.773428855839	1
2	3665	131.773428855839	0
2	3696	132.773428855839	1
2	3697	132.773428855839	0
2	3731	133.773428855839	1
2	3732	133.773428855839	0
2	3763	134.773428855839	1
2	3764	134.773428855839	0
2	3795	135.773428855839	1
2	3796	135.773428855839	0
2	3824	136.773428855839	1
2	3825	136.773428855839	0
2	3850	137.773428855839	1
2	3851	137.773428855839	0
2	3879	138.773428855839	1
2	3880	138.773428855839	0
2	3908	139.773428855839	1
2	3909	139.773428855839	0
2	3940	140.773428855839	1
2	3941	140.773428855839	0
2	3969	141.773428855839	1
2	3970	141.773428855839	0
2	3992	142.773428855839	1
2	3993	142.773428855839	0
2	4021	143.773428855839	1
2	4022	143.773428855839	0
2	4044	144.773428855839	1
2	4045	144.773428855839	0
2	4073	145.773428855839	1
2	4074	145.773428855839	0
2	4111	146.773428855839	1
2	4112	146.773428855839	0
2	4137	147.773428855839	1
2	4138	147.773428855839	0
2	4163	148.773428855839	1
2	4164	148.773428855839	0
2	4192	149.773428855839	1
2	4193	149.773428855839	0
2	4215	150.773428855839	1
2	4216	150.773428855839	0
2	4244	151.773428855839	1
2	4245	151.773428855839	0
2	4267	152.773428855839	1
2	4268	152.773428855839	0
2	4293	153.773428855839	1
2	4294	153.773428855839	0
2	4316	154.773428855839	1
2	4317	154.773428855839	0
2	4351	155.773428855839	1
2	4352	155.773428855839	0
2	4386	156.773428855839	1
2	4387	156.773428855839	0
2	4409	157.773428855839	1
2	4410	157.773428855839	0
2	4438	158.773428855839	1
2	4439	158.773428855839	0
2	4461	159.773428855839	1
2	4462	159.773428855839	0
2	4493	160.773428855839	1
2	4494	160.773428855839	0
2	4531	161.773428855839	1
2	4532	161.773428855839	0
2	4557	162.773428855839	1
2	4558	162.773428855839	0
2	4586	163.773428855839	1
2	4587	163.773428855839	0
2	4612	164.773428855839	1
2	4613	164.773428855839	0
2	4644	165.773428855839	1
2	4645	165.773428855839	0
2	4670	166.773428855839	1
2	4671	166.773428855839	0
2	4699	167.773428855839	1
2	4700	167.773428855839	0
2	4722	168.773428855839	1
2	4723	168.773428855839	0
2	4757	169.773428855839	1
2	4758	169.773428855839	0
2	4783	170.773428855839	1
2	4784	170.773428855839	0
2	4809	171.773428855839	1
2	4810	171.773428855839	0
2	4835	172.773428855839	1
2	4836	172.773428855839	0
2	4870	173.773428855839	1
2	4871	173.773428855839	0
2	4908	174.773428855839	1
2	4909	174.773428855839	0
2	4943	175.773428855839	1
2	4944	175.773428855839	0
2	4972	176.773428855839	1
2	4973	176.773428855839	0
2	4998	177.773428855839	1
2	4999	177.773428855839	0
2	5024	178.773428855839	1
2	5025	178.773428855839	0
2	5050	179.773428855839	1
2	5051	179.773428855839	0
2	5079	180.773428855839	1
2	5080	180.773428855839	0
2	5111	181.773428855839	1
2	5112	181.773428855839	0
2	5140	182.773428855839	1
2	5141	182.773428855839	0
2	5172	183.773428855839	1
2	5173	183.773428855839	0
2	5201	184.773428855839	1
2	5202	184.773428855839	0
2	5227	185.773428855839	1
2	5228	185.773428855839	0
2	5250	186.773428855839	1
2	5251	186.773428855839	0
2	5276	187.773428855839	1
2	5277	187.773428855839	0
2	5302	188.773428855839	1
2	5303	188.773428855839	0
2	5331	189.773428855839	1
2	5332	189.773428855839	0
2	5360	190.773428855839	1
2	5361	190.773428855839	0
2	5386	191.773428855839	1
2	5387	191.773428855839	0
2	5415	192.773428855839	1
2	5416	192.773428855839	0
2	5444	193.773428855839	1
2	5445	193.773428855839	0
2	5470	194.773428855839	1
2	5471	194.773428855839	0
2	5511	195.773428855839	1
2	5512	195.773428855839	0
2	5540	196.773428855839	1
2	5541	196.773428855839	0
2	5563	197.773428855839	1
2	5564	197.773428855839	0
2	5591	198.773428855839	1
2	5592	198.773428855839	0
2	5616	199.773428855839	1
2	5617	199.773428855839	0
3	23	2.859704212075	1
3	24	2.859704212075	0
3	43	3.859704212075	1
3	44	3.859704212075	0
3	83	5.52586940626	1
3	84	5.52586940626	0
3	118	6.564028706924	1
3	119	6.564028706924	0
3	138	7.564028706924	1
3	139	7.564028706924	0
3	188	9.363072325843	1
3	189	9.363072325843	0
3	214	10.363072325843	1
3	215	10.363072325843	0
3	240	11.363072325843	1
3	241	11.363072325843	0
3	272	12.363072325843	1
3	273	12.363072325843	0
3	301	13.363072325843	1
3	302	13.363072325843	0
3	324	14.363072325843	1
3	325	14.363072325843	0
3	365	15.363072325843	1
3	366	15.363072325843	0
3	394	16.363072325843	1
3	395	16.363072325843	0
3	417	17.363072325843	1
3	418	17.363072325843	0
3	443	18.363072325843	1
3	444	18.363072325843	0
3	475	19.363072325843	1
3	476	19.363072325843	0
3	498	20.363072325843	1
3	499	20.363072325843	0
3	527	21.363072325843	1
3	528	21.363072325843	0
3	553	22.363072325843	1
3	554	22.363072325843	0
3	637	26.047409410774	1
3	638	26.047409410774	0
3	660	27.047409410774	1
3	661	27.047409410774	0
3	693	28.182874844391	1
3	694	28.182874844391	0
3	729	29.20430671874	1
3	730	29.20430671874	0
3	752	30.20430671874	1
3	753	30.20430671874	0
3	831	32.971048391769	1
3	832	32.971048391769	0
3	851	33.971048391769	1
3	852	33.971048391769	0
3	896	35.100997919552	1
3	897	35.100997919552	0
3	925	36.100997919552	1
3	926	36.100997919552	0
3	960	37.100997919552	1
3	961	37.100997919552	0
3	986	38.100997919552	1
3	987	38.100997919552	0
3	1009	39.100997919552	1
3	1010	39.100997919552	0
3	1038	40.100997919552	1
3	1039	40.100997919552	0
3	1070	41.100997919552	1
3	1071	41.100997919552	0
3	1099	42.100997919552	1
3	1100	42.100997919552	0
3	1131	43.100997919552	1
3	1132	43.100997919552	0
3	1157	44.100997919552	1
3	1158	44.100997919552	0
3	1183	45.100997919552	1
3	1184	45.100997919552	0
3	1209	46.100997919552	1
3	1210	46.100997919552	0
3	1254	47.540607172454	1
3	1255	47.540607172454	0
3	1280	48.540607172454	1
3	1281	48.540607172454	0
3	1315	49.540607172454	1
3	1316	49.540607172454	0
3	1344	50.540607172454	1
3	1345	50.540607172454	0
3	1370	51.540607172454	1
3	1371	51.540607172454	0
3	1393	52.540607172454	1
3	1394	52.540607172454	0
3	1416	53.540607172454	1
3	1417	53.540607172454	0
3	1451	54.540607172454	1
3	1452	54.540607172454	0
3	1483	55.540607172454	1
3	1484	55.540607172454	0
3	1506	56.540607172454	1
3	1507	56.540607172454	0
3	1535	57.540607172454	1
3	1536	57.540607172454	0
3	1564	58.540607172454	1
3	1565	58.540607172454	0
3	1593	59.540607172454	1
3	1594	59.540607172454	0
3	1619	60.540607172454	1
3	1620	60.540607172454	0
3	1661	61.632580586152	1
3	1662	61.632580586152	0
3	1693	62.632580586152	1
3	1694	62.632580586152	0
3	1719	63.632580586152	1
3	1720	63.632580586152	0
3	1748	64.632580586152	1
3	1749	64.632580586152	0
3	1774	65.632580586152	1
3	1775	65.632580586152	0
3	1806	66.632580586152	1
3	1807	66.632580586152	0
3	1835	67.632580586152	1
3	1836	67.632580586152	0
3	1867	68.632580586152	1
3	1868	68.632580586152	0
3	1890	69.632580586152	1
3	1891	69.632580586152	0
3	1913	70.632580586152	1
3	1914	70.632580586152	0
3	1936	71.632580586152	1
3	1937	71.632580586152	0
3	1986	73.293219858336	1
3	1987	73.293219858336	0
3	2015	74.293219858336	1
3	2016	74.293219858336	0
3	2041	75.293219858336	1
3	2042	75.293219858336	0
3	2123	78.400067332569	1
3	2124	78.400067332569	0
3	2149	79.400067332569	1
3	2150	79.400067332569	0
3	2175	80.400067332569	1
3	2176	80.400067332569	0
3	2204	81.400067332569	1
3	2205	81.400067332569	0
3	2233	82.400067332569	1
3	2234	82.400067332569	0
3	2262	83.400067332569	1
3	2263	83.400067332569	0
3	2288	84.400067332569	1
3	2289	84.400067332569	0
3	2317	85.400067332569	1
3	2318	85.400067332569	0
3	2349	86.400067332569	1
3	2350	86.400067332569	0
3	2378	87.400067332569	1
3	2379	87.400067332569	0
3	2407	88.400067332569	1
3	2408	88.400067332569	0
3	2430	89.400067332569	1
3	2431	89.400067332569	0
3	2462	90.400067332569	1
3	2463	90.400067332569	0
3	2497	91.400067332569	1
3	2498	91.400067332569	0
3	2523	92.400067332569	1
3	2524	92.400067332569	0
3	2552	93.400067332569	1
3	2553	93.400067332569	0
3	2581	94.400067332569	1
3	2582	94.400067332569	0
3	2607	95.400067332569	1
3	2608	95.400067332569	0
3	2642	96.400067332569	1
3	2643	96.400067332569	0
3	2680	97.400067332569	1
3	2681	97.400067332569	0
3	2712	98.400067332569	1
3	2713	98.400067332569	0
3	2741	99.400067332569	1
3	2742	99.400067332569	0
3	2770	100.400067332569	1
3	2771	100.400067332569	0
3	2802	101.400067332569	1
3	2803	101.400067332569	0
3	2831	102.400067332569	1
3	2832	102.400067332569	0
3	2857	103.400067332569	1
3	2858	103.400067332569	0
3	2886	104.400067332569	1
3	2887	104.400067332569	0
3	2915	105.400067332569	1
3	2916	105.400067332569	0
3	2941	106.400067332569	1
3	2942	106.400067332569	0
3	2973	107.400067332569	1
3	2974	107.400067332569	0
3	2996	108.400067332569	1
3	2997	108.400067332569	0
3	3022	109.400067332569	1
3	3023	109.400067332569	0
3	3051	110.400067332569	1
3	3052	110.400067332569	0
3	3080	111.400067332569	1
3	3081	111.400067332569	0
3	3103	112.400067332569	1
3	3104	112.400067332569	0
3	3129	113.400067332569	1
3	3130	113.400067332569	0
3	3158	114.400067332569	1
3	3159	114.400067332569	0
3	3187	115.400067332569	1
3	3188	115.400067332569	0
3	3213	116.400067332569	1
3	3214	116.400067332569	0
3	3245	117.400067332569	1
3	3246	117.400067332569	0
3	3274	118.400067332569	1
3	3275	118.400067332569	0
3	3306	119.400067332569	1
3	3307	119.400067332569	0
3	3329	120.400067332569	1
3	3330	120.400067332569	0
3	3355	121.400067332569	1
3	3356	121.400067332569	0
3	3381	122.400067332569	1
3	3382	122.400067332569	0
3	3410	123.400067332569	1
3	3411	123.400067332569	0
3	3439	124.400067332569	1
3	3440	124.400067332569	0
3	3471	125.400067332569	1
3	3472	125.400067332569	0
3	3494	126.400067332569	1
3	3495	126.400067332569	0
3	3523	127.400067332569	1
3	3524	127.400067332569	0
3	3565	128.649152527223	1
3	3566	128.649152527223	0
3	3594	129.649152527223	1
3	3595	129.649152527223	0
3	3623	130.649152527223	1
3	3624	130.649152527223	0
3	3655	131.649152527223	1
3	3656	131.649152527223	0
3	3684	132.649152527223	1
3	3685	132.649152527223	0
3	3722	133.649152527223	1
3	3723	133.649152527223	0
3	3751	134.649152527223	1
3	3752	134.649152527223	0
3	3786	135.649152527223	1
3	3787	135.649152527223	0
3	3815	136.649152527223	1
3	3816	136.649152527223	0
3	3841	137.649152527223	1
3	3842	137.649152527223	0
3	3870	138.649152527223	1
3	3871	138.649152527223	0
3	3896	139.649152527223	1
3	3897	139.649152527223	0
3	3931	140.649152527223	1
3	3932	140.649152527223	0
3	3960	141.649152527223	1
3	3961	141.649152527223	0
3	3983	142.649152527223	1
3	3984	142.649152527223	0
3	4012	143.649152527223	1
3	4013	143.649152527223	0
3	4035	144.649152527223	1
3	4036	144.649152527223	0
3	4064	145.649152527223	1
3	4065	145.649152527223	0
3	4102	146.649152527223	1
3	4103	146.649152527223	0
3	4128	147.649152527223	1
3	4129	147.649152527223	0
3	4154	148.649152527223	1
3	4155	148.649152527223	0
3	4183	149.649152527223	1
3	4184	149.649152527223	0
3	4206	150.649152527223	1
3	4207	150.649152527223	0
3	4235	151.649152527223	1
3	4236	151.649152527223	0
3	4258	152.649152527223	1
3	4259	152.649152527223	0
3	4284	153.649152527223	1
3	4285	153.649152527223	0
3	4307	154.649152527223	1
3	4308	154.649152527223	0
3	4336	155.649152527223	1
3	4337	155.649152527223	0
3	4371	156.649152527223	1
3	4372	156.649152527223	0
3	4400	157.649152527223	1
3	4401	157.649152527223	0
3	4429	158.649152527223	1
3	4430	158.649152527223	0
3	4452	159.649152527223	1
3	4453	159.649152527223	0
3	4481	160.649152527223	1
3	4482	160.649152527223	0
3	4522	161.649152527223	1
3	4523	161.649152527223	0
3	4548	162.649152527223	1
3	4549	162.649152527223	0
3	4577	163.649152527223	1
3	4578	163.649152527223	0
3	4603	164.649152527223	1
3	4604	164.649152527223	0
3	4635	165.649152527223	1
3	4636	165.649152527223	0
3	4661	166.649152527223	1
3	4662	166.649152527223	0
3	4690	167.649152527223	1
3	4691	167.649152527223	0
3	4713	168.649152527223	1
3	4714	168.649152527223	0
3	4748	169.649152527223	1
3	4749	169.649152527223	0
3	4774	170.649152527223	1
3	4775	170.649152527223	0
3	4800	171.649152527223	1
3	4801	171.649152527223	0
3	4826	172.649152527223	1
3	4827	172.649152527223	0
3	4858	173.649152527223	1
3	4859	173.649152527223	0
3	4896	174.649152527223	1
3	4897	174.649152527223	0
3	4934	175.649152527223	1
3	4935	175.649152527223	0
3	4963	176.649152527223	1
3	4964	176.649152527223	0
3	4989	177.649152527223	1
3	4990	177.649152527223	0
3	5015	178.649152527223	1
3	5016	178.649152527223	0
3	5038	179.649152527223	1
3	5039	179.649152527223	0
3	5070	180.649152527223	1
3	5071	180.649152527223	0
3	5099	181.649152527223	1
3	5100	181.649152527223	0
3	5131	182.649152527223	1
3	5132	182.649152527223	0
3	5163	183.649152527223	1
3	5164	183.649152527223	0
3	5192	184.649152527223	1
3	5193	184.649152527223	0
3	5218	185.649152527223	1
3	5219	185.649152527223	0
3	5241	186.649152527223	1
3	5242	186.649152527223	0
3	5267	187.649152527223	1
3	5268	187.649152527223	0
3	5293	188.649152527223	1
3	5294	188.649152527223	0
3	5322	189.649152527223	1
3	5323	189.649152527223	0
3	5351	190.649152527223	1
3	5352	190.649152527223	0
3	5377	191.649152527223	1
3	5378	191.649152527223	0
3	5406	192.649152527223	1
3	5407	192.649152527223	0
3	5435	193.649152527223	1
3	5436	193.649152527223	0
3	5461	194.649152527223	1
3	5462	194.649152527223	0
3	5499	195.649152527223	1
3	5500	195.649152527223	0
3	5528	196.649152527223	1
3	5529	196.649152527223	0
3	5554	197.649152527223	1
3	5555	197.649152527223	0
3	5610	199.64898529358	1
3	5611	199.64898529358	0
4	33	2.898760388484	1
4	34	2.898760388484	0
4	52	3.898760388484	1
4	53	3.898760388484	0
4	97	5.773528855839	1
4	98	5.773528855839	0
4	129	6.773528855839	1
4	130	6.773528855839	0
4	152	7.773528855839	1
4	153	7.773528855839	0
4	177	8.773528855839	1
4	178	8.773528855839	0
4	202	9.773528855839	1
4	203	9.773528855839	0
4	228	10.773528855839	1
4	229	10.773528855839	0
4	257	11.773528855839	1
4	258	11.773528855839	0
4	292	12.773528855839	1
4	293	12.773528855839	0
4	315	13.773528855839	1
4	316	13.773528855839	0
4	344	14.773528855839	1
4	345	14.773528855839	0
4	382	15.773528855839	1
4	383	15.773528855839	0
4	408	16.773528855839	1
4	409	16.773528855839	0
4	434	17.773528855839	1
4	435	17.773528855839	0
4	457	18.773528855839	1
4	458	18.773528855839	0
4	489	19.773528855839	1
4	490	19.773528855839	0
4	512	20.773528855839	1
4	513	20.773528855839	0
4	541	21.773528855839	1
4	542	21.773528855839	0
4	567	22.773528855839	1
4	568	22.773528855839	0
4	588	23.773528855839	1
4	589	23.773528855839	0
4	602	24.773528855839	1
4	603	24.773528855839	0
4	626	25.773528855839	1
4	627	25.773528855839	0
4	648	26.773528855839	1
4	649	26.773528855839	0
4	681	27.773528855839	1
4	682	27.773528855839	0
4	714	28.773528855839	1
4	715	28.773528855839	0
4	743	29.773528855839	1
4	744	29.773528855839	0
4	766	30.773528855839	1
4	767	30.773528855839	0
4	793	31.773528855839	1
4	794	31.773528855839	0
4	823	32.773528855839	1
4	824	32.773528855839	0
4	842	33.773528855839	1
4	843	33.773528855839	0
4	881	34.773528855839	1
4	882	34.773528855839	0
4	916	35.773528855839	1
4	917	35.773528855839	0
4	948	36.773528855839	1
4	949	36.773528855839	0
4	977	37.773528855839	1
4	978	37.773528855839	0
4	1000	38.773528855839	1
4	1001	38.773528855839	0
4	1029	39.773528855839	1
4	1030	39.773528855839	0
4	1058	40.773528855839	1
4	1059	40.773528855839	0
4	1090	41.773528855839	1
4	1091	41.773528855839	0
4	1113	42.773528855839	1
4	1114	42.773528855839	0
4	1148	43.773528855839	1
4	1149	43.773528855839	0
4	1171	44.773528855839	1
4	1172	44.773528855839	0
4	1197	45.773528855839	1
4	1198	45.773528855839	0
4	1230	46.773528855839	1
4	1231	46.773528855839	0
4	1265	47.773528855839	1
4	1266	47.773528855839	0
4	1297	48.773528855839	1
4	1298	48.773528855839	0
4	1332	49.773528855839	1
4	1333	49.773528855839	0
4	1361	50.773528855839	1
4	1362	50.773528855839	0
4	1384	51.773528855839	1
4	1385	51.773528855839	0
4	1407	52.773528855839	1
4	1408	52.773528855839	0
4	1430	53.773528855839	1
4	1431	53.773528855839	0
4	1465	54.773528855839	1
4	1466	54.773528855839	0
4	1497	55.773528855839	1
4	1498	55.773528855839	0
4	1523	56.773528855839	1
4	1524	56.773528855839	0
4	1552	57.773528855839	1
4	1553	57.773528855839	0
4	1578	58.773528855839	1
4	1579	58.773528855839	0
4	1607	59.773528855839	1
4	1608	59.773528855839	0
4	1640	60.773528855839	1
4	1641	60.773528855839	0
4	1672	61.773528855839	1
4	1673	61.773528855839	0
4	1710	62.773528855839	1
4	1711	62.773528855839	0
4	1733	63.773528855839	1
4	1734	63.773528855839	0
4	1762	64.773528855839	1
4	1763	64.773528855839	0
4	1797	65.773528855839	1
4	1798	65.773528855839	0
4	1823	66.773528855839	1
4	1824	66.773528855839	0
4	1849	67.773528855839	1
4	1850	67.773528855839	0
4	1881	68.773528855839	1
4	1882	68.773528855839	0
4	1904	69.773528855839	1
4	1905	69.773528855839	0
4	1927	70.773528855839	1
4	1928	70.773528855839	0
4	1950	71.773528855839	1
4	1951	71.773528855839	0
4	1975	72.773528855839	1
4	1976	72.773528855839	0
4	2000	73.773528855839	1
4	2001	73.773528855839	0
4	2029	74.773528855839	1
4	2030	74.773528855839	0
4	2058	75.773528855839	1
4	2059	75.773528855839	0
4	2076	76.773528855839	1
4	2077	76.773528855839	0
4	2109	77.773528855839	1
4	2110	77.773528855839	0
4	2137	78.773528855839	1
4	2138	78.773528855839	0
4	2166	79.773528855839	1
4	2167	79.773528855839	0
4	2192	80.773528855839	1
4	2193	80.773528855839	0
4	2221	81.773528855839	1
4	2222	81.773528855839	0
4	2247	82.773528855839	1
4	2248	82.773528855839	0
4	2279	83.773528855839	1
4	2280	83.773528855839	0
4	2308	84.773528855839	1
4	2309	84.773528855839	0
4	2340	85.773528855839	1
4	2341	85.773528855839	0
4	2366	86.773528855839	1
4	2367	86.773528855839	0
4	2398	87.773528855839	1
4	2399	87.773528855839	0
4	2421	88.773528855839	1
4	2422	88.773528855839	0
4	2447	89.773528855839	1
4	2448	89.773528855839	0
4	2479	90.773528855839	1
4	2480	90.773528855839	0
4	2511	91.773528855839	1
4	2512	91.773528855839	0
4	2537	92.773528855839	1
4	2538	92.773528855839	0
4	2566	93.773528855839	1
4	2567	93.773528855839	0
4	2595	94.773528855839	1
4	2596	94.773528855839	0
4	2624	95.773528855839	1
4	2625	95.773528855839	0
4	2659	96.773528855839	1
4	2660	96.773528855839	0
4	2694	97.773528855839	1
4	2695	97.773528855839	0
4	2726	98.773528855839	1
4	2727	98.773528855839	0
4	2758	99.773528855839	1
4	2759	99.773528855839	0
4	2787	100.773528855839	1
4	2788	100.773528855839	0
4	2819	101.773528855839	1
4	2820	101.773528855839	0
4	2845	102.773528855839	1
4	2846	102.773528855839	0
4	2871	103.773528855839	1
4	2872	103.773528855839	0
4	2903	104.773528855839	1
4	2904	104.773528855839	0
4	2929	105.773528855839	1
4	2930	105.773528855839	0
4	2955	106.773528855839	1
4	2956	106.773528855839	0
4	2987	107.773528855839	1
4	2988	107.773528855839	0
4	3010	108.773528855839	1
4	3011	108.773528855839	0
4	3036	109.773528855839	1
4	3037	109.773528855839	0
4	3065	110.773528855839	1
4	3066	110.773528855839	0
4	3094	111.773528855839	1
4	3095	111.773528855839	0
4	3120	112.773528855839	1
4	3121	112.773528855839	0
4	3143	113.773528855839	1
4	3144	113.773528855839	0
4	3175	114.773528855839	1
4	3176	114.773528855839	0
4	3201	115.773528855839	1
4	3202	115.773528855839	0
4	3233	116.773528855839	1
4	3234	116.773528855839	0
4	3262	117.773528855839	1
4	3263	117.773528855839	0
4	3288	118.773528855839	1
4	3289	118.773528855839	0
4	3320	119.773528855839	1
4	3321	119.773528855839	0
4	3343	120.773528855839	1
4	3344	120.773528855839	0
4	3369	121.773528855839	1
4	3370	121.773528855839	0
4	3398	122.773528855839	1
4	3399	122.773528855839	0
4	3424	123.773528855839	1
4	3425	123.773528855839	0
4	3456	124.773528855839	1
4	3457	124.773528855839	0
4	3485	125.773528855839	1
4	3486	125.773528855839	0
4	3511	126.773528855839	1
4	3512	126.773528855839	0
4	3544	127.773528855839	1
4	3545	127.773528855839	0
4	3576	128.773528855839	1
4	3577	128.773528855839	0
4	3608	129.773528855839	1
4	3609	129.773528855839	0
4	3637	130.773528855839	1
4	3638	130.773528855839	0
4	3669	131.773528855839	1
4	3670	131.773528855839	0
4	3701	132.773528855839	1
4	3702	132.773528855839	0
4	3736	133.773528855839	1
4	3737	133.773528855839	0
4	3768	134.773528855839	1
4	3769	134.773528855839	0
4	3800	135.773528855839	1
4	3801	135.773528855839	0
4	3829	136.773528855839	1
4	3830	136.773528855839	0
4	3855	137.773528855839	1
4	3856	137.773528855839	0
4	3884	138.773528855839	1
4	3885	138.773528855839	0
4	3913	139.773528855839	1
4	3914	139.773528855839	0
4	3945	140.773528855839	1
4	3946	140.773528855839	0
4	3974	141.773528855839	1
4	3975	141.773528855839	0
4	3997	142.773528855839	1
4	3998	142.773528855839	0
4	4026	143.773528855839	1
4	4027	143.773528855839	0
4	4049	144.773528855839	1
4	4050	144.773528855839	0
4	4078	145.773528855839	1
4	4079	145.773528855839	0
4	4116	146.773528855839	1
4	4117	146.773528855839	0
4	4142	147.773528855839	1
4	4143	147.773528855839	0
4	4168	148.773528855839	1
4	4169	148.773528855839	0
4	4197	149.773528855839	1
4	4198	149.773528855839	0
4	4220	150.773528855839	1
4	4221	150.773528855839	0
4	4249	151.773528855839	1
4	4250	151.773528855839	0
4	4272	152.773528855839	1
4	4273	152.773528855839	0
4	4298	153.773528855839	1
4	4299	153.773528855839	0
4	4321	154.773528855839	1
4	4322	154.773528855839	0
4	4356	155.773528855839	1
4	4357	155.773528855839	0
4	4391	156.773528855839	1
4	4392	156.773528855839	0
4	4414	157.773528855839	1
4	4415	157.773528855839	0
4	4443	158.773528855839	1
4	4444	158.773528855839	0
4	4466	159.773528855839	1
4	4467	159.773528855839	0
4	4498	160.773528855839	1
4	4499	160.773528855839	0
4	4536	161.773528855839	1
4	4537	161.773528855839	0
4	4562	162.773528855839	1
4	4563	162.773528855839	0
4	4591	163.773528855839	1
4	4592	163.773528855839	0
4	4617	164.773528855839	1
4	4618	164.773528855839	0
4	4649	165.773528855839	1
4	4650	165.773528855839	0
4	4675	166.773528855839	1
4	4676	166.773528855839	0
4	4704	167.773528855839	1
4	4705	167.773528855839	0
4	4727	168.773528855839	1
4	4728	168.773528855839	0
4	4762	169.773528855839	1
4	4763	169.773528855839	0
4	4788	170.773528855839	1
4	4789	170.773528855839	0
4	4814	171.773528855839	1
4	4815	171.773528855839	0
4	4840	172.773528855839	1
4	4841	172.773528855839	0
4	4875	173.773528855839	1
4	4876	173.773528855839	0
4	4913	174.773528855839	1
4	4914	174.773528855839	0
4	4948	175.773528855839	1
4	4949	175.773528855839	0
4	4977	176.773528855839	1
4	4978	176.773528855839	0
4	5003	177.773528855839	1
4	5004	177.773528855839	0
4	5029	178.773528855839	1
4	5030	178.773528855839	0
4	5055	179.773528855839	1
4	5056	179.773528855839	0
4	5084	180.773528855839	1
4	5085	180.773528855839	0
4	5116	181.773528855839	1
4	5117	181.773528855839	0
4	5145	182.773528855839	1
4	5146	182.773528855839	0
4	5177	183.773528855839	1
4	5178	183.773528855839	0
4	5206	184.773528855839	1
4	5207	184.773528855839	0
4	5232	185.773528855839	1
4	5233	185.773528855839	0
4	5255	186.773528855839	1
4	5256	186.773528855839	0
4	5281	187.773528855839	1
4	5282	187.773528855839	0
4	5307	188.773528855839	1
4	5308	188.773528855839	0
4	5336	189.773528855839	1
4	5337	189.773528855839	0
4	5365	190.773528855839	1
4	5366	190.773528855839	0
4	5391	191.773528855839	1
4	5392	191.773528855839	0
4	5420	192.773528855839	1
4	5421	192.773528855839	0
4	5449	193.773528855839	1
4	5450	193.773528855839	0
4	5475	194.773528855839	1
4	5476	194.773528855839	0
4	5516	195.773528855839	1
4	5517	195.773528855839	0
4	5545	196.773528855839	1
4	5546	196.773528855839	0
4	5568	197.773528855839	1
4	5569	197.773528855839	0
4	5596	198.773528855839	1
4	5597	198.773528855839	0
4	5621	199.773528855839	1
4	5622	199.773528855839	0
5	56	3.898860388484	3.0003
5	76	4.898860388484	3.077076868529
5	133	6.773628855839	3.0003
5	156	7.773628855839	5.914024643764
5	181	8.773628855839	4.44925151333
5	206	9.773628855839	7.126823503782
5	232	10.773628855839	5.472245086937
5	261	11.773628855839	5.987116923215
5	296	12.773628855839	6.633957784077
5	319	13.773628855839	7.575573114984
5	348	14.773628855839	10.247859449579
5	386	15.773628855839	10.209700148915
5	412	16.773628855839	10.634180952032
5	438	17.773628855839	8.260660835056
5	461	18.773628855839	10.410656529996
5	493	19.773628855839	8.691764717433
5	516	20.773628855839	12.092300389154
5	545	21.773628855839	9.93909060412
5	571	22.773628855839	13.608698284206
5	592	23.773628855839	11.09965775122
5	606	24.773628855839	14.959251935955
5	630	25.773628855839	14.28704073563
5	652	26.773628855839	12.291288486945
5	685	27.773628855839	13.21760313148
5	718	28.773628855839	13.806025135237
5	747	29.773628855839	14.714864109113
5	770	30.773628855839	18.633158168409
5	797	31.773628855839	15.670251600805
5	827	32.773628855839	20.134286159393
5	846	33.773628855839	18.536032073544
5	885	34.773628855839	19.515606485145
5	920	35.773628855839	16.520081672129
5	952	36.773628855839	21.05635834789
5	981	37.773628855839	20.268870684451
5	1004	38.773628855839	17.479189456217
5	1033	39.773628855839	20.763086425814
5	1062	40.773628855839	18.837480283539
5	1094	41.773628855839	22.611855572149
5	1117	42.773628855839	21.571541314207
5	1152	43.773628855839	20.232240726477
5	1175	44.773628855839	19.618238651584
5	1201	45.773628855839	19.883274230394
5	1234	46.773628855839	19.747335288684
5	1269	47.773628855839	22.726319445065
5	1301	48.773628855839	21.621460879246
5	1336	49.773628855839	24.107389985438
5	1365	50.773628855839	22.346233177022
5	1388	51.773628855839	23.191503496522
5	1411	52.773628855839	25.590854011448
5	1434	53.773628855839	24.420668838055
5	1469	54.773628855839	26.569422137099
5	1501	55.773628855839	24.999304157961
5	1527	56.773628855839	27.697100942057
5	1556	57.773628855839	26.261476866205
5	1582	58.773628855839	27.149530705572
5	1611	59.773628855839	27.613964985344
5	1644	60.773628855839	28.306684633191
5	1676	61.773628855839	29.100481351161
5	1714	62.773628855839	30.80268046407
5	1737	63.773628855839	29.765191166537
5	1766	64.773628855839	30.156108743354
5	1801	65.773628855839	31.010830716062
5	1827	66.773628855839	31.991862146861
5	1853	67.773628855839	35.160985762039
5	1885	68.773628855839	33.600091336184
5	1908	69.773628855839	35.672730936287
5	1931	70.773628855839	34.638710397118
5	1954	71.773628855839	35.387268465043
5	1979	72.773628855839	35.898711415735
5	2004	73.773628855839	39.42868244555
5	2033	74.773628855839	39.588347739938
5	2062	75.773628855839	40.426211250492
5	2080	76.773628855839	37.020796394457
5	2113	77.773628855839	41.479214573317
5	2141	78.773628855839	38.423050317639
5	2170	79.773628855839	38.977531822588
5	2196	80.773628855839	43.519666595949
5	2225	81.773628855839	40.402999415847
5	2251	82.773628855839	43.190753221735
5	2283	83.773628855839	43.045614267035
5	2312	84.773628855839	41.076648354153
5	2344	85.773628855839	44.096119683538
5	2370	86.773628855839	41.977735886602
5	2402	87.773628855839	44.900011884081
5	2425	88.773628855839	42.918901755114
5	2451	89.773628855839	46.795450658306
5	2483	90.773628855839	43.808304309427
5	2515	91.773628855839	48.73333536784
5	2541	92.773628855839	45.670275620999
5	2570	93.773628855839	45.281232931208
5	2599	94.773628855839	48.233121683385
5	2628	95.773628855839	46.829130870983
5	2663	96.773628855839	50.045695617367
5	2698	97.773628855839	47.984703077455
5	2730	98.773628855839	51.809488911284
5	2762	99.773628855839	52.366084882663
5	2791	100.773628855839	52.98712291838
5	2823	101.773628855839	53.051061358609
5	2849	102.773628855839	48.530206231279
5	2875	103.773628855839	49.295904712503
5	2907	104.773628855839	55.657948801305
5	2933	105.773628855839	50.287885467083
5	2959	106.773628855839	57.618765644892
5	2991	107.773628855839	58.041441334085
5	3014	108.773628855839	52.229142751989
5	3040	109.773628855839	52.357226898363
5	3069	110.773628855839	60.035570328918
5	3098	111.773628855839	54.065146365096
5	3124	112.773628855839	54.530081688013
5	3147	113.773628855839	59.842623686864
5	3179	114.773628855839	55.902140107022
5	3205	115.773628855839	56.258359105419
5	3237	116.773628855839	62.734988578708
5	3266	117.773628855839	57.97808209694
5	3292	118.773628855839	63.677162165356
5	3324	119.773628855839	59.001218022869
5	3347	120.773628855839	59.588716792947
5	3373	121.773628855839	66.50124861993
5	3402	122.773628855839	60.520644595797
5	3428	123.773628855839	61.371932326545
5	3460	124.773628855839	64.141148269687
5	3489	125.773628855839	64.968020813541
5	3515	126.773628855839	62.865296993272
5	3548	127.773628855839	63.405283035532
5	3580	128.773628855839	67.851065403749
5	3612	129.773628855839	64.319013654654
5	3641	130.773628855839	68.727897102216
5	3673	131.773628855839	69.346341258842
5	3705	132.773628855839	65.598681996937
5	3740	133.773628855839	71.127460662335
5	3772	134.773628855839	66.478867631183
5	3804	135.773628855839	67.377832855874
5	3833	136.773628855839	71.140270770483
5	3859	137.773628855839	72.126606192052
5	3888	138.773628855839	73.024461310527
5	3917	139.773628855839	73.049359376371
5	3949	140.773628855839	68.80424448353
5	3978	141.773628855839	73.229540457087
5	4001	142.773628855839	68.698923182738
5	4030	143.773628855839	69.641596256314
5	4053	144.773628855839	72.480508997503
5	4082	145.773628855839	70.713117759413
5	4120	146.773628855839	73.848172401107
5	4146	147.773628855839	72.113170872772
5	4172	148.773628855839	75.135588807774
5	4201	149.773628855839	72.76892560062
5	4224	150.773628855839	73.748735472474
5	4253	151.773628855839	74.708759173416
5	4276	152.773628855839	75.125880784549
5	4302	153.773628855839	76.37366152327
5	4325	154.773628855839	77.041251282306
5	4360	155.773628855839	77.913194516995
5	4395	156.773628855839	75.234310661704
5	4418	157.773628855839	75.699426285947
5	4447	158.773628855839	80.467775055075
5	4470	159.773628855839	81.116598965694
5	4502	160.773628855839	81.46095268133
5	4540	161.773628855839	77.195514502862
5	4566	162.773628855839	83.334564044905
5	4595	163.773628855839	78.362670986796
5	4621	164.773628855839	84.167690518356
5	4653	165.773628855839	84.784989569494
5	4679	166.773628855839	79.359430464289
5	4708	167.773628855839	80.260780155871
5	4731	168.773628855839	85.660752372492
5	4766	169.773628855839	86.59445497101
5	4792	170.773628855839	80.720475647912
5	4818	171.773628855839	81.633705165572
5	4844	172.773628855839	89.350059522928
5	4879	173.773628855839	89.170869995863
5	4917	174.773628855839	89.334772463893
5	4952	175.773628855839	82.984449236896
5	4981	176.773628855839	83.843118523335
5	5007	177.773628855839	92.026357623795
5	5033	178.773628855839	84.801337869156
5	5059	179.773628855839	93.315109686578
5	5088	180.773628855839	85.541404059047
5	5120	181.773628855839	94.574350736131
5	5149	182.773628855839	87.199749892021
5	5181	183.773628855839	87.892232168259
5	5210	184.773628855839	88.689881729692
5	5236	185.773628855839	96.088768379154
5	5259	186.773628855839	89.806752687733
5	5285	187.773628855839	90.786440228937
5	5311	188.773628855839	91.606187976952
5	5340	189.773628855839	99.23087273808
5	5369	190.773628855839	99.905532322551
5	5395	191.773628855839	92.840446904539
5	5424	192.773628855839	101.52197210845
5	5453	193.773628855839	93.997363872391
5	5479	194.773628855839	103.51257135779
5	5520	195.773628855839	94.668605998641
5	5549	196.773628855839	104.4117254477
5	5572	197.773628855839	96.100701845161
5	5600	198.773628855839	96.814680872653
5	5625	199.773628855839	105.5643977967

